      Input data: 62 data points
          Load             Compression
      -----------------------------------
             3.385000           44.500000
             0.480000           15.500000
             1.350000            8.100000
           465.000000          423.000000
            36.330000          119.500000
            27.660000          115.000000
            14.830000           98.200000
             1.040000            5.500000
             4.190000           58.000000
             0.425000            6.400000
             0.101000            4.000000
             0.920000            5.700000
             1.000000            6.600000
             0.005000            0.140000
             0.060000            1.000000
             3.500000           10.800000
             2.000000           12.300000
             1.700000            6.300000
          2547.000000         4603.000000
             0.023000            0.300000
           187.100000          419.000000
           521.000000          655.000000
             0.785000            3.500000
            10.000000          115.000000
             3.300000           25.600000
             0.200000            5.000000
             1.410000           17.500000
           529.000000          680.000000
           207.000000          406.000000
            85.000000          325.000000
             0.750000           12.300000
            62.000000         1320.000000
          6654.000000         5712.000000
             3.500000            3.900000
             6.800000          179.000000
            35.000000           56.000000
             4.050000           17.000000
             0.120000            1.000000
             0.023000            0.400000
             0.010000            0.250000
             1.400000           12.500000
           250.000000          490.000000
             2.500000           12.100000
            55.500000          175.000000
           100.000000          157.000000
            52.160000          440.000000
            10.550000          179.500000
             0.550000            2.400000
            60.000000           81.000000
             3.600000           21.000000
             4.288000           39.200000
             0.280000            1.900000
             0.075000            1.200000
             0.122000            3.000000
             0.048000            0.330000
           192.000000          180.000000
             3.000000           25.000000
           160.000000          169.000000
             0.900000            2.600000
             1.620000           11.400000
             0.104000            2.500000
             4.235000           50.400000

Linear Regression Function: f(x) = 0.966496(x) + 91.0044


          x	          y	       f(x)	  Residuals
-----------------------------------------------------------------

   3.385000	  44.500000	  94.275986	 -49.775986
   0.480000	  15.500000	  91.468314	 -75.968314
   1.350000	   8.100000	  92.309166	 -84.209166
 465.000000	 423.000000	 540.425207	-117.425207
  36.330000	 119.500000	 126.117209	  -6.617209
  27.660000	 115.000000	 117.737686	  -2.737686
  14.830000	  98.200000	 105.337537	  -7.137537
   1.040000	   5.500000	  92.009552	 -86.509552
   4.190000	  58.000000	  95.054016	 -37.054016
   0.425000	   6.400000	  91.415157	 -85.015157
   0.101000	   4.000000	  91.102012	 -87.102012
   0.920000	   5.700000	  91.893573	 -86.193573
   1.000000	   6.600000	  91.970893	 -85.370893
   0.005000	   0.140000	  91.009229	 -90.869229
   0.060000	   1.000000	  91.062386	 -90.062386
   3.500000	  10.800000	  94.387133	 -83.587133
   2.000000	  12.300000	  92.937389	 -80.637389
   1.700000	   6.300000	  92.647440	 -86.347440
2547.000000	4603.000000	2552.670645	2050.329355
   0.023000	   0.300000	  91.026626	 -90.726626
 187.100000	 419.000000	 271.835867	 147.164133
 521.000000	 655.000000	 594.549004	  60.450996
   0.785000	   3.500000	  91.763096	 -88.263096
  10.000000	 115.000000	 100.669360	  14.330640
   3.300000	  25.600000	  94.193834	 -68.593834
   0.200000	   5.000000	  91.197695	 -86.197695
   1.410000	  17.500000	  92.367156	 -74.867156
 529.000000	 680.000000	 602.280975	  77.719025
 207.000000	 406.000000	 291.069144	 114.930856
  85.000000	 325.000000	 173.156587	 151.843413
   0.750000	  12.300000	  91.729268	 -79.429268
  62.000000	1320.000000	 150.927171	1169.072829
6654.000000	5712.000000	6522.071227	-810.071227
   3.500000	   3.900000	  94.387133	 -90.487133
   6.800000	 179.000000	  97.576572	  81.423428
  35.000000	  56.000000	 124.831769	 -68.831769
   4.050000	  17.000000	  94.918706	 -77.918706
   0.120000	   1.000000	  91.120376	 -90.120376
   0.023000	   0.400000	  91.026626	 -90.626626
   0.010000	   0.250000	  91.014061	 -90.764061
   1.400000	  12.500000	  92.357491	 -79.857491
 250.000000	 490.000000	 332.628488	 157.371512
   2.500000	  12.100000	  93.420637	 -81.320637
  55.500000	 175.000000	 144.644945	  30.355055
 100.000000	 157.000000	 187.654033	 -30.654033
  52.160000	 440.000000	 141.416847	 298.583153
  10.550000	 179.500000	 101.200933	  78.299067
   0.550000	   2.400000	  91.535969	 -89.135969
  60.000000	  81.000000	 148.994178	 -67.994178
   3.600000	  21.000000	  94.483783	 -73.483783
   4.288000	  39.200000	  95.148733	 -55.948733
   0.280000	   1.900000	  91.275015	 -89.375015
   0.075000	   1.200000	  91.076883	 -89.876883
   0.122000	   3.000000	  91.122309	 -88.122309
   0.048000	   0.330000	  91.050788	 -90.720788
 192.000000	 180.000000	 276.571699	 -96.571699
   3.000000	  25.000000	  93.903885	 -68.903885
 160.000000	 169.000000	 245.643815	 -76.643815
   0.900000	   2.600000	  91.874243	 -89.274243
   1.620000	  11.400000	  92.570120	 -81.170120
   0.104000	   2.500000	  91.104912	 -88.604912
   4.235000	  50.400000	  95.097508	 -44.697508

LEAST SQUARES APPROXIMATION

Sum of Squared Residuals = 6.72224e+06
Total Sum of Squareds = 5.27906e+07
Coefficient of Determination = 0.872662


PEARSON METHOD

Pearson Coefficient = 0.934164

normal termination